mu = 25.811446214420034
lambda = 0.0014605519159744307
c = 0.021561727995208047
